------------------------------------
regression vad...
mse: 0.016807852
mae: 0.10229664
r2: 0.5046094939854101
------------------------------------
classification pos_neg...
accuracy: 0.7327837051406402
precision: 0.7056546317182679
recall: 0.7318233833909291
f1: 0.7124973710178151
roc_auc: 0.8050717338830683
